bucket_id,boundary_u64
0,2409836352816702976
1,2892209460165017600
2,2892209460165489152
3,2892209460165554176
4,2892209460165620224
5,2892209460165687296
6,2892209460165816832
7,2892209460165948928
8,2892209460181794816
9,2892209460182265856
10,2892209460182464000
11,2892209460182726144
12,2892209460198572032
13,2892209460199174656
14,2892209460199504384
15,2892209460215349248
16,2892209460216145920
17,2892209460232126464
18,2892209460232860160
19,2892209460248903680
20,2892209460249700352
21,2892209460265680896
22,2892209460282458112
23,2892209460283454976
24,2892209460300097536
25,2892209477295155200
26,2892209494474962432
27,2892210559677114368
28,2892210559677704192
29,2892210559710734336
30,2892210559760531456
31,2892210572512014336
32,2892211659188938752
33,2892211659222886400
34,2892211680613774336
35,2892212758717540352
36,2892213858211997696
37,2892213858346574848
38,2892214966263729152
39,2892217156780504576
40,2896158936047366144
41,2896158940409442304
42,2896158944654077952
43,2896158948898714112
44,2896158949016154112
45,2896158953210458624
46,2896158953244013056
47,2896158953277566976
48,2896158953294344192
49,2896158953311121408
50,2896430493877481472
51,2896430493894258688
52,2896430493894259200
53,2896430493911035904
54,2896430493927813120
55,2896430493944590336
56,2896430493944590336
57,2896430493961367552
58,2896430493961367552
59,2896430493978144768
60,2896430493978145280
61,2896430493994921984
62,2896430493994922496
63,2896430494011699200
64,2896430494028476416
65,2896430494028476928
66,2896430498172448768
67,2896430498189225984
68,2896430498189225984
69,2896430498206003200
70,2896430498206003200
71,2896430498206003712
72,2896430498222780416
73,3546338805564765184
74,3691317984212549632
75,6998703138310155264
76,6998710847709454336
77,6998717457731384320
78,6998725115473673216
79,7017581764537104384
80,7018425048363786240
81,7020097486868866048
82,7020112502124277760
83,7020584489099568128
84,7020664787624009728
85,7021781921502748672
86,7022082827062195200
87,7022647215879451648
88,7089057378710680576
89,7089073106932202496
90,7090184739073894400
91,7090201167661204480
92,7091318299927470080
93,7092155016498475008
94,7093006090239468544
95,7093839524192612352
96,7093947556614172672
97,7095813877664408576
98,7161126262266755072
99,7161132562305125376
100,7163082342949811200
101,7163091121595376640
102,7163382453806916608
103,7165058122143571968
104,7165066911618589696
105,7165074657885123584
106,7166680789507077120
107,7233181689280921600
108,7233189059545449472
109,7234224009459376128
110,7234297646387896320
111,7234313859907282944
112,7234315255989673984
113,7235425466162177024
114,7235429983457445888
115,7237112482205364224
116,7237132191793487872
117,7237976668241949696
118,7305248078781096960
119,7307970422964013056
120,7308251970948822016
121,7308814848206595072
122,7310020948096142336
123,7311142587419750400
124,7377295816686315520
125,7377310844900584448
126,7379550829132725248
127,7380396426472088576
128,7381245258038913024
129,7382085228003095552
130,7449354423059310592
131,7450482557775446016
132,7451612868574734336
133,7453297288935993344
134,7454131819565316096
135,7521342753316955136
136,7521418627051446272
137,7522525896800149504
138,7522544575427337216
139,7523671596254521344
140,7525354884367130624
141,7525364483445780480
142,7575161694559739904
143,7594020528879691776
144,7596569218653502464
145,7597118925727690752
146,7597137642055297024
147,7598741846699700224
148,7665531141143129088
149,7667780926346651648
150,7671147935675281408
151,7737582322339749888
152,7738703066961637376
153,7739838812116793344
154,7741527666346369024
155,7765233192892196864
156,7809558840045563904
157,7809558882995627008
158,7809558921783566336
159,7809650171434918912
160,7810684795787305984
161,7810775711654899712
162,7811883216501041152
163,7811903072034430976
164,7813586385632126976
165,7813594055218656256
166,7881629482441938944
167,7881698923443068928
168,7881706611217163264
169,7881708862115397632
170,7882825888501557248
171,7883941922650549248
172,7883958385537634304
173,7885641789500056576
174,7885649494553947136
175,7887336119408037888
176,7888463166071535616
177,7953766413102899200
178,7954895297978921984
179,7956011619901794304
180,7957704910880207872
181,8007511683951772672
182,8027701942700636160
183,8029465571146149888
184,8030588425306884096
185,8031718526307035136
186,8097879367610889216
187,8097882743465050112
188,8099007483950953472
189,8100126546325413888
190,8101808745762877440
191,8101823387693708288
192,8102654636755018752
193,8103508931700711424
194,8241978080449878016
195,8243101789615694848
196,8243115295065179136
197,8244229892841038848
198,8245918754495817728
199,8247606467347226624
200,8314038971624120320
201,8314052149786993664
202,8314604199068529664
203,8315163790505959424
204,8315184367612600320
205,8316012619210912768
206,8316288572414259200
207,8316852653102755840
208,8317708119235125248
209,8317988477789694976
210,8318264451734962176
211,8319381555850212352
212,8319400174449812480
213,8319676203257721856
214,8320230318463138816
215,8386102063220942848
216,8387219971502336000
217,8388061432854555648
218,8388065495725863936
219,8388065495741985792
220,8388065495758238720
221,8388065495759156224
222,8388065495775931392
223,8388065495808830464
224,8388065495825871872
225,8388065495842381824
226,8388065495875678208
227,8388065495909753856
228,8388065495926009856
229,8388065495927583744
230,8388065495976342528
231,8388065495977653248
232,8388065496011207680
233,8388065496027521024
234,8388065496043711488
235,8388065496061078528
236,8388065496094698496
237,8388076847386097664
238,8388361543370888192
239,8390046815712210944
240,8390876161189742592
241,8390891612041801728
242,8392298615593200640
243,8461736374124667904
244,8461814418141283328
245,8530209556091052032
246,8531350913584034816
247,8533302477853648896
248,8602278140659654656
249,8603398560410592256
250,8604238611755787264
251,8604517875982129152
252,8604960984025359360
253,8679955243837212672
254,8750341718041193472
255,8822390464484548608
